‚562³3L'b6666⁷6s;

j ³ 11111616 6181161166168111611181611611616116

⁷ pam 6111161116 118661616116111111116 6111111111111111111111116611111111-
1151616115516661166616611111111161 Eue 116111116616111111111 136166166616118661
661661666861111161,111161611111111111616 66116616666616116166166661661
ἶ ³ ·⁷ 666166666666 5666666666696666566666 111
qulgagantumjemcuiaepm 116 1611116818ἔά611111911616661)1166111186
⁷ ⁷ -61111611111111116166161116161111161111611166 1161119 Ρ1116611161166111111616,866611166
166661161661111668668111116161111111 1111616161616166661111616161111661116111
166666666 816166116116111111111611 16161111[1666666166661111111116111611661
⁷ psssthaegffistquxsahoegwmpmff 16111116661111181611661111111161661611661111ῗ
teeaaaefgmpseicalpffl 1116116 1666111.) 61161161161111111181111161111)111161

6618616116616118616611111616661161) 161)16661666116161616111666111118611
1181668166111116111661111616611 1661111111ε11ἑ111-111611611161 16111616 11116111 re
³ 16111161861666611111ῆ611616616811111 (16681161(166616661111861611611111116111111
Ι’111111161166111661116618,161661111611161111 61611116116111111666116118111186111611

(161611666661111 1166666166816611 6616161666616,116 6611

(616161111161681
⁷ ’61116166166111111111166116111661111 11181616 166666168111166116611161116116
6616816166611616111 1161611618 61611111· 1616116161616111161161611611611166611 .
“ 6111166111661118661611116111111611616 161666616616616116661686611) 1166111·
66666816161616111661611161116611111 66616616166111161111116111111116 16 (16
eo 616 1111116816 6618666616 mata-⁷ 1111111611 6661661666111811 1111166616 1
61681661611616668161116116166 06666666666 11111661 461 ,1111111
61611116661661116661111116661111 (166116116111661111,611 1666111661111
86611161116666111 61611 sobffcrepcepm 61116666666111,1111611111116611616166,δ1’
616611166661166611611ἃ 1166611661) 111116 61166161 6686666666611166 116
(16811616116666111616111161161166111166 111111116611·161111166161161111111
6118111116ηὲ 61616116166161111111116161111 66661161116666616661661111611611
616116116116111(666161661661161111111181 6666611116611 1361166661 611111- 166161,
61911666666166111166666116661161111 666116166161661·1111666ῡ1111ἐ61166
66²5ssth 1116166866111161661111616661 6616161116 116116861661661166111111111 ,5
6686611161ἓᾴ11161111 61161616 &vince po 6161166111 ande 611611616616116116·
16161661ἓά166116161611616616611111 cet. 6616111616 61161116 111861 6116116116.
6111101166 166111611ἃ11 8161116111 1111111611 ...1611666161116166116111111 111116111161
86116116111166111669ξ11161,111(111111 1616361611 66111166611111116611111118116
tate 16161661111161116116116616 62 61116116616111111 661161116161116161111111,
6,(11111661111161116111111661611616111 16616166161611161111111111111686116616
1116161661616111116168111111161 811111- 16111111161111111111611616111,111(11111811
’ (1116616111)16668166168111166106116, 111616616666611111666161661111161116·
618161166161111161116611661 1811611011ἐ611 111 1661311106, 111661 ’1)1169611111161111611111.
66666681616111111,111161616111 6111161111 36166611611111116 m 61111616166116611
61111661616161161661611616116666 1)(1111611611111161116 616, 1161116116 zeus apud
66666666666626 611811161611111 1618111661661111161 608116166611661111
8616166666661111611666118 6116611116, 161116,161κ;61616611111118166(11111111111116
(6866161611111616811611616661111666 1111616616Μό61611116,116111111111111

configit

 

