2 111101000111111100011111111101101010011111116111101111 1011111011,11111111
’,101101111011010011111011Ὄ11κ1111111111011101111111111016111,ν10111111111111110111
011010100111111110111110001011101,811Ζο1101111111111,111110101011111101111110,
110111111111111100111000010111111010111 (1001110110111110111111,Ρ1110 1110101110
1010010111 Qrumfficratamaulam 1111101111 1010111110 011010111110100111
1111111101111111111 ,11100101111111111111100111,1011111111111111 1101111111 cm 1111
1111111 1011100101111011110 0111111111111111111011 1111,100100811,011000110110 0 01
,11111111101111 1111001111110111101111,81011010111111111111 1101101110 1-
’ 111110οε 110101001110111111111101101010110101111111111111110111010111111111,
1111111,10111111 0001001111,11111110101101111 '³

 

